# oST version 5.0 parameters


[image]

width
640

height
480

[cam_name]

camera matrix
501.655541 0.000000 316.985374
0.000000 499.741430 212.851703
0.000000 0.000000 1.000000

distortion
0.169997 -0.243731 -0.004240 -0.003020 0.000000

rectification
1.000000 0.000000 0.000000
0.000000 1.000000 0.000000
0.000000 0.000000 1.000000

projection
515.832764 0.000000 314.586847 0.000000
0.000000 514.092224 210.627709 0.000000
0.000000 0.000000 1.000000 0.000000
